V0: 2024-01-12 15:26:15.754223: {'0': 0, '1': 1, '2': 2, '3': 3, '4': 4, '5': 5, '6': 6, '7': 7, '8': 8, '9': 9, '10': 0, '11': 1, '12': 2, '13': 3, '14': 4, '15': 5, '16': 6, '17': 7, '18': 8, '19': 9}
V1: 2024-01-12 15:26:25.759395: {'0': 0, '1': 1, '2': 2, '3': 3, '4': 4, '5': 5, '6': 6, '7': 7, '8': 8, '9': 9, '10': 0, '11': 1, '12': 2, '13': 3, '14': 4, '15': 5, '16': 6, '17': 7, '18': 8, '19': 9}
V2: 2024-01-12 15:26:35.762264: {'0': 0, '1': 1, '2': 2, '3': 3, '4': 4, '5': 5, '6': 6, '7': 7, '8': 8, '9': 9, '10': 0, '11': 1, '12': 2, '13': 3, '14': 4, '15': 5, '16': 6, '17': 7, '18': 8, '19': 9}
V3: 2024-01-12 15:26:45.766314: {'0': 0, '1': 1, '2': 2, '3': 3, '4': 4, '5': 5, '6': 6, '7': 7, '8': 8, '9': 9, '10': 0, '11': 1, '12': 2, '13': 3, '14': 4, '15': 5, '16': 6, '17': 7, '18': 8, '19': 9}
V4: 2024-01-12 15:26:55.769374: {'0': 0, '1': 1, '2': 2, '3': 3, '4': 4, '5': 5, '6': 6, '7': 7, '8': 8, '9': 9, '10': 0, '11': 1, '12': 2, '13': 3, '14': 4, '15': 5, '16': 6, '17': 7, '18': 8, '19': 9}
V5: 2024-01-12 15:27:05.777165: {'0': 0, '1': 1, '2': 2, '3': 3, '4': 4, '5': 5, '6': 6, '7': 7, '8': 8, '9': 9, '10': 0, '11': 1, '12': 2, '13': 3, '14': 4, '15': 5, '16': 6, '17': 7, '18': 8, '19': 9}
V6: 2024-01-12 15:27:15.787208: {'0': 0, '1': 1, '2': 2, '3': 3, '4': 4, '5': 5, '6': 6, '7': 7, '8': 8, '9': 9, '10': 0, '11': 1, '12': 2, '13': 3, '14': 4, '15': 5, '16': 6, '17': 7, '18': 8, '19': 9}
